WriteConstraints: 33.3519999999999
CplexSolving: 0.0710000000001401
ExportResults: 0.000999999999976353
